obj_globalmanager,8,48,48DF6AD4,0,1,1,4294967295,0,0
obj_powerdot,424,416,DC3697D2,0,1,1,4294967295,0,0
obj_powerdot,24,416,EE0A9898,0,1,1,4294967295,0,0
obj_powerdot,424,96,AB46EF6B,0,1,1,4294967295,0,0
obj_powerdot,24,96,F2C34D3D,0,1,1,4294967295,0,0
obj_wall,0,40,646EF018,0,56,1,4294967295,0,0
obj_wall,440,48,93DA12D0,0,1,18,4294967295,0,0
obj_wall,216,48,460DAFBC,0,2,8,4294967295,0,0
obj_wall,0,48,DCC07E02,0,1,18,4294967295,0,0
obj_wall,120,432,1D65103A,0,2,6,4294967295,0,0
obj_wall,40,480,CCBE8946,0,18,2,4294967295,0,0
obj_wall,40,80,AE37A62A,0,6,4,4294967295,0,0
obj_wall,120,80,C75FD249,0,8,4,4294967295,0,0
obj_wall,40,144,EA39043D,0,6,2,4294967295,0,0
obj_wall,136,192,8C7C10BB,0,6,2,4294967295,0,0
obj_wall,120,144,7D9219F9,0,2,14,4294967295,0,0
obj_wall,360,80,C369698D,0,6,4,4294967295,0,0
obj_wall,360,144,5C1E949A,0,6,2,4294967295,0,0
obj_wall,264,80,D2FA2BAE,0,8,4,4294967295,0,0
obj_wall,168,144,E66DD814,0,14,2,4294967295,0,0
obj_wall,312,144,894A095B,0,2,14,4294967295,0,0
obj_wall,264,192,BDDD69AC,0,6,2,4294967295,0,0
obj_wall,216,160,928504AD,0,2,6,4294967295,0,0
obj_wall,312,288,2A27196B,0,2,8,4294967295,0,0
obj_wall,440,352,A9A389EA,0,1,23,4294967295,0,0
obj_wall,120,288,35F6D281,0,2,8,4294967295,0,0
obj_wall,168,336,746A2564,0,14,2,4294967295,0,0
obj_wall,216,352,1C455CBA,0,2,6,4294967295,0,0
obj_wall,264,384,2C32FA6C,0,8,2,4294967295,0,0
obj_wall,168,432,44A10802,0,14,2,4294967295,0,0
obj_wall,216,448,8059AFC4,0,2,6,4294967295,0,0
obj_wall,264,480,38AD30DA,0,18,2,4294967295,0,0
obj_wall,312,432,AD00188F,0,2,6,4294967295,0,0
obj_wall,360,384,82474D75,0,6,2,4294967295,0,0
obj_wall,360,400,42E084C3,0,2,6,4294967295,0,0
obj_wall,408,432,37B89D35,0,4,2,4294967295,0,0
obj_wall,120,384,7BE34553,0,8,2,4294967295,0,0
obj_wall,40,384,5446C73D,0,6,2,4294967295,0,0
obj_wall,72,400,E41E1C69,0,2,6,4294967295,0,0
obj_wall,8,432,CF7DC6A2,0,4,2,4294967295,0,0
obj_wall,0,352,DA9A7EED,0,1,23,4294967295,0,0
obj_wall,8,528,C963C6AB,0,54,1,4294967295,0,0
obj_dot,408,416,30209820,0,1,1,4294967295,0,0
obj_dot,424,400,9583C741,0,1,1,4294967295,0,0
obj_dot,424,384,A148B5FD,0,1,1,4294967295,0,0
obj_dot,392,416,A7FD0EA3,0,1,1,4294967295,0,0
obj_dot,392,432,3536AD74,0,1,1,4294967295,0,0
obj_dot,392,448,DFDB5198,0,1,1,4294967295,0,0
obj_dot,248,416,1087BA2F,0,1,1,4294967295,0,0
obj_dot,200,416,441EEFC3,0,1,1,4294967295,0,0
obj_dot,200,400,6226FF74,0,1,1,4294967295,0,0
obj_dot,200,384,3A8A3E73,0,1,1,4294967295,0,0
obj_dot,200,368,45086977,0,1,1,4294967295,0,0
obj_dot,424,368,1233B6D1,0,1,1,4294967295,0,0
obj_dot,408,368,7539E6D0,0,1,1,4294967295,0,0
obj_dot,392,368,6F2B0B89,0,1,1,4294967295,0,0
obj_dot,376,368,D2B34608,0,1,1,4294967295,0,0
obj_dot,360,368,B975AAD5,0,1,1,4294967295,0,0
obj_dot,248,400,A27B9DE5,0,1,1,4294967295,0,0
obj_dot,248,384,40D64E87,0,1,1,4294967295,0,0
obj_dot,248,368,126F28F4,0,1,1,4294967295,0,0
obj_dot,264,368,BD5105D8,0,1,1,4294967295,0,0
obj_dot,280,368,CD2A5EF1,0,1,1,4294967295,0,0
obj_dot,264,416,EA4C417E,0,1,1,4294967295,0,0
obj_dot,280,416,1E266318,0,1,1,4294967295,0,0
obj_dot,296,368,ED11CB5B,0,1,1,4294967295,0,0
obj_dot,312,368,7172CFDC,0,1,1,4294967295,0,0
obj_dot,328,368,458548B6,0,1,1,4294967295,0,0
obj_dot,344,368,56D29BF1,0,1,1,4294967295,0,0
obj_dot,184,368,5456E805,0,1,1,4294967295,0,0
obj_dot,168,368,E994194B,0,1,1,4294967295,0,0
obj_dot,152,368,2C8FF3D7,0,1,1,4294967295,0,0
obj_dot,136,368,D5CFC2C3,0,1,1,4294967295,0,0
obj_dot,120,368,CFB4F1A0,0,1,1,4294967295,0,0
obj_dot,104,368,551BCDFF,0,1,1,4294967295,0,0
obj_dot,88,368,386691FE,0,1,1,4294967295,0,0
obj_dot,72,368,C745C073,0,1,1,4294967295,0,0
obj_dot,56,368,D68BAE49,0,1,1,4294967295,0,0
obj_dot,40,368,89930B1D,0,1,1,4294967295,0,0
obj_dot,24,368,531388F2,0,1,1,4294967295,0,0
obj_dot,24,384,D669587A,0,1,1,4294967295,0,0
obj_dot,24,400,E417DDE2,0,1,1,4294967295,0,0
obj_dot,40,416,BB402F73,0,1,1,4294967295,0,0
obj_dot,56,416,187EA7C4,0,1,1,4294967295,0,0
obj_dot,56,432,2598E4BB,0,1,1,4294967295,0,0
obj_dot,56,448,8E6A3FD0,0,1,1,4294967295,0,0
obj_dot,392,464,C35E49F5,0,1,1,4294967295,0,0
obj_dot,376,464,10935A3D,0,1,1,4294967295,0,0
obj_dot,360,464,DE1830D3,0,1,1,4294967295,0,0
obj_dot,344,464,FF0C950F,0,1,1,4294967295,0,0
obj_dot,344,448,1DEB2857,0,1,1,4294967295,0,0
obj_dot,344,432,D30FC09B,0,1,1,4294967295,0,0
obj_dot,344,416,04BA3D03,0,1,1,4294967295,0,0
obj_dot,344,400,4B1515B0,0,1,1,4294967295,0,0
obj_dot,344,384,5C2EBEAC,0,1,1,4294967295,0,0
obj_dot,328,416,84E58751,0,1,1,4294967295,0,0
obj_dot,312,416,6083AC1F,0,1,1,4294967295,0,0
obj_dot,296,416,865E96B2,0,1,1,4294967295,0,0
obj_dot,184,416,C7801EA3,0,1,1,4294967295,0,0
obj_dot,168,416,9122A324,0,1,1,4294967295,0,0
obj_dot,152,416,6F98B77B,0,1,1,4294967295,0,0
obj_dot,136,416,D12E331B,0,1,1,4294967295,0,0
obj_dot,120,416,576D07FA,0,1,1,4294967295,0,0
obj_dot,104,416,830B80F0,0,1,1,4294967295,0,0
obj_dot,104,400,0E110D66,0,1,1,4294967295,0,0
obj_dot,104,384,A643DE35,0,1,1,4294967295,0,0
obj_dot,104,432,A91F8AFB,0,1,1,4294967295,0,0
obj_dot,104,448,D12688DE,0,1,1,4294967295,0,0
obj_dot,104,464,6B0414BF,0,1,1,4294967295,0,0
obj_dot,88,464,ED03E6CF,0,1,1,4294967295,0,0
obj_dot,72,464,15484DFC,0,1,1,4294967295,0,0
obj_dot,56,464,D343B47E,0,1,1,4294967295,0,0
obj_dot,40,464,6FD6F96D,0,1,1,4294967295,0,0
obj_dot,24,464,3C6AF80B,0,1,1,4294967295,0,0
obj_wall,360,192,E8879A33,0,17,8,4294967295,0,0
obj_wall,360,288,0E0640B4,0,17,8,4294967295,0,0
obj_wall,-48,192,3913D634,0,17,8,4294967295,0,0
obj_wall,-48,288,CC6AB3FC,0,17,8,4294967295,0,0
obj_pacman,224,416,AD0FE318,0,1,1,4294967295,0,0
obj_wall,168,288,95216E76,0,14,2,4294967295,0,0
obj_wall,168,240,6180B40B,0,9,2,4294967295,0,0
obj_wall,240,240,D508F9E7,0,5,2,4294967295,0,0
obj_wall,272,256,BFA420F7,0,1,4,4294967295,0,0
obj_wall,168,256,9EE39FCE,0,1,4,4294967295,0,0
obj_ghostwall,208,240,DC8FE786,0,4,2,4294967295,0,0
obj_dot,24,512,7CD5ACAC,0,1,1,4294967295,0,0
obj_dot,24,480,77D3FDF4,0,1,1,4294967295,0,0
obj_dot,24,496,68373A09,0,1,1,4294967295,0,0
obj_dot,40,512,BF8E48DA,0,1,1,4294967295,0,0
obj_dot,56,512,1B816B25,0,1,1,4294967295,0,0
obj_dot,72,512,F76F58DF,0,1,1,4294967295,0,0
obj_dot,88,512,D102D742,0,1,1,4294967295,0,0
obj_dot,104,512,431A808E,0,1,1,4294967295,0,0
obj_dot,120,512,D3782902,0,1,1,4294967295,0,0
obj_dot,136,512,BE5834D8,0,1,1,4294967295,0,0
obj_dot,152,512,A37EB1F4,0,1,1,4294967295,0,0
obj_dot,168,512,2AD06C5B,0,1,1,4294967295,0,0
obj_dot,184,512,288408DC,0,1,1,4294967295,0,0
obj_dot,200,512,9F219C42,0,1,1,4294967295,0,0
obj_dot,200,496,098FA88D,0,1,1,4294967295,0,0
obj_dot,200,480,219AAD60,0,1,1,4294967295,0,0
obj_dot,200,464,25D46065,0,1,1,4294967295,0,0
obj_dot,184,464,8298A418,0,1,1,4294967295,0,0
obj_dot,168,464,455220AE,0,1,1,4294967295,0,0
obj_dot,152,464,8BA26892,0,1,1,4294967295,0,0
obj_dot,152,448,F4B68C5B,0,1,1,4294967295,0,0
obj_dot,152,432,248D4C23,0,1,1,4294967295,0,0
obj_dot,216,512,E68659A8,0,1,1,4294967295,0,0
obj_dot,232,512,F796D034,0,1,1,4294967295,0,0
obj_dot,248,512,E2749C17,0,1,1,4294967295,0,0
obj_dot,248,496,DEF5AE8B,0,1,1,4294967295,0,0
obj_dot,248,480,7289E792,0,1,1,4294967295,0,0
obj_dot,248,464,B2A9CF9C,0,1,1,4294967295,0,0
obj_dot,264,464,63366FC8,0,1,1,4294967295,0,0
obj_dot,280,464,49B87F79,0,1,1,4294967295,0,0
obj_dot,296,464,A4C3601C,0,1,1,4294967295,0,0
obj_dot,296,448,A9711A50,0,1,1,4294967295,0,0
obj_dot,296,432,E23DD936,0,1,1,4294967295,0,0
obj_dot,408,464,0EB48E57,0,1,1,4294967295,0,0
obj_dot,424,464,55092233,0,1,1,4294967295,0,0
obj_dot,424,480,DF8A6FF2,0,1,1,4294967295,0,0
obj_dot,424,496,F0AA22DE,0,1,1,4294967295,0,0
obj_dot,424,512,E58CD79B,0,1,1,4294967295,0,0
obj_dot,408,512,AFE2913C,0,1,1,4294967295,0,0
obj_dot,392,512,F337A935,0,1,1,4294967295,0,0
obj_dot,376,512,C45ED0D7,0,1,1,4294967295,0,0
obj_dot,360,512,BBB92C69,0,1,1,4294967295,0,0
obj_dot,344,512,E94DA1FF,0,1,1,4294967295,0,0
obj_dot,328,512,7C6B945D,0,1,1,4294967295,0,0
obj_dot,312,512,936C1ADA,0,1,1,4294967295,0,0
obj_dot,296,512,77D4FC97,0,1,1,4294967295,0,0
obj_dot,280,512,65CE92C9,0,1,1,4294967295,0,0
obj_dot,264,512,E7AF7789,0,1,1,4294967295,0,0
obj_dot,104,352,DC31C004,0,1,1,4294967295,0,0
obj_dot,104,336,529B6B05,0,1,1,4294967295,0,0
obj_dot,104,320,446B1A07,0,1,1,4294967295,0,0
obj_dot,104,304,E911B910,0,1,1,4294967295,0,0
obj_dot,104,288,D086E991,0,1,1,4294967295,0,0
obj_dot,104,256,9F80BDDC,0,1,1,4294967295,0,0
obj_dot,104,272,8F866851,0,1,1,4294967295,0,0
obj_dot,344,352,90665372,0,1,1,4294967295,0,0
obj_dot,344,336,438729D1,0,1,1,4294967295,0,0
obj_dot,344,320,244B8A61,0,1,1,4294967295,0,0
obj_dot,344,304,18B0989C,0,1,1,4294967295,0,0
obj_dot,344,288,F15C6861,0,1,1,4294967295,0,0
obj_dot,344,272,6A53168C,0,1,1,4294967295,0,0
obj_dot,344,256,1B58FE43,0,1,1,4294967295,0,0
obj_dot,344,240,C617738B,0,1,1,4294967295,0,0
obj_dot,344,224,97C36842,0,1,1,4294967295,0,0
obj_dot,344,208,16A6BB02,0,1,1,4294967295,0,0
obj_dot,344,192,0CE2B132,0,1,1,4294967295,0,0
obj_blinky,424,64,8FE23DA2,0,1,1,4294967295,0,0
obj_pinky,24,64,065C0E5B,0,1,1,4294967295,0,0
obj_inky,344,176,5D0E2522,0,1,1,4294967295,0,0
obj_clyde,104,176,3084E47F,0,1,1,4294967295,0,0
obj_dot,104,240,F79E5291,0,1,1,4294967295,0,0
obj_dot,104,224,9008C265,0,1,1,4294967295,0,0
obj_dot,104,208,B40A22A7,0,1,1,4294967295,0,0
obj_dot,104,192,637A83DA,0,1,1,4294967295,0,0
obj_dot,200,176,1484D9BE,0,1,1,4294967295,0,0
obj_dot,184,176,D10F3F21,0,1,1,4294967295,0,0
obj_dot,168,176,9FFF1811,0,1,1,4294967295,0,0
obj_dot,152,176,7E4C2928,0,1,1,4294967295,0,0
obj_dot,152,160,53082979,0,1,1,4294967295,0,0
obj_dot,152,144,AAD56ABB,0,1,1,4294967295,0,0
obj_dot,248,176,F0616284,0,1,1,4294967295,0,0
obj_dot,264,176,F91CA349,0,1,1,4294967295,0,0
obj_dot,280,176,B9B0C9DF,0,1,1,4294967295,0,0
obj_dot,296,176,E9CE479E,0,1,1,4294967295,0,0
obj_dot,296,160,F8AE8909,0,1,1,4294967295,0,0
obj_dot,296,144,8112EF91,0,1,1,4294967295,0,0
obj_dot,344,176,E69417AA,0,1,1,4294967295,0,0
obj_dot,360,176,9F7FB368,0,1,1,4294967295,0,0
obj_dot,376,176,DF1C7C6A,0,1,1,4294967295,0,0
obj_dot,392,176,4AC17393,0,1,1,4294967295,0,0
obj_dot,408,176,CC62162D,0,1,1,4294967295,0,0
obj_dot,424,176,97B6D6FA,0,1,1,4294967295,0,0
obj_dot,424,160,3DBD0C89,0,1,1,4294967295,0,0
obj_dot,424,144,F3DA70F3,0,1,1,4294967295,0,0
obj_dot,424,128,984F16D9,0,1,1,4294967295,0,0
obj_dot,424,112,1D40DB19,0,1,1,4294967295,0,0
obj_dot,424,80,10CD082F,0,1,1,4294967295,0,0
obj_dot,424,64,FE4F04B1,0,1,1,4294967295,0,0
obj_dot,408,64,2FD1258F,0,1,1,4294967295,0,0
obj_dot,392,64,492A6629,0,1,1,4294967295,0,0
obj_dot,376,64,8ABC0C6B,0,1,1,4294967295,0,0
obj_dot,360,64,7AAA72D0,0,1,1,4294967295,0,0
obj_dot,344,64,6828BBAF,0,1,1,4294967295,0,0
obj_dot,328,64,FA75775A,0,1,1,4294967295,0,0
obj_dot,312,64,6C1EA590,0,1,1,4294967295,0,0
obj_dot,296,64,B9A0DD4F,0,1,1,4294967295,0,0
obj_dot,280,64,8903908C,0,1,1,4294967295,0,0
obj_dot,264,64,71DFB39B,0,1,1,4294967295,0,0
obj_dot,248,64,1F23A383,0,1,1,4294967295,0,0
obj_dot,248,80,EFA3C297,0,1,1,4294967295,0,0
obj_dot,248,96,97EE9BB6,0,1,1,4294967295,0,0
obj_dot,248,112,EC0D044D,0,1,1,4294967295,0,0
obj_dot,248,128,46CBD254,0,1,1,4294967295,0,0
obj_dot,264,128,B1095C35,0,1,1,4294967295,0,0
obj_dot,280,128,E605360A,0,1,1,4294967295,0,0
obj_dot,296,128,3F8F2E14,0,1,1,4294967295,0,0
obj_dot,312,128,2E274100,0,1,1,4294967295,0,0
obj_dot,328,128,E6E135CB,0,1,1,4294967295,0,0
obj_dot,344,128,D5D34F5C,0,1,1,4294967295,0,0
obj_dot,344,112,2D9C3758,0,1,1,4294967295,0,0
obj_dot,344,96,1F98D6BE,0,1,1,4294967295,0,0
obj_dot,344,80,C8149370,0,1,1,4294967295,0,0
obj_dot,360,128,5D269D4F,0,1,1,4294967295,0,0
obj_dot,376,128,6E2400A5,0,1,1,4294967295,0,0
obj_dot,392,128,DB9DB142,0,1,1,4294967295,0,0
obj_dot,408,128,A1103C1E,0,1,1,4294967295,0,0
obj_dot,344,160,81BAFDA2,0,1,1,4294967295,0,0
obj_dot,344,144,69DFCB2C,0,1,1,4294967295,0,0
obj_dot,200,128,8FF703CF,0,1,1,4294967295,0,0
obj_dot,24,128,A12E9594,0,1,1,4294967295,0,0
obj_dot,40,128,EFBC600F,0,1,1,4294967295,0,0
obj_dot,56,128,59FC8782,0,1,1,4294967295,0,0
obj_dot,72,128,719907FF,0,1,1,4294967295,0,0
obj_dot,88,128,B73D7FA4,0,1,1,4294967295,0,0
obj_dot,104,128,4F6AE12E,0,1,1,4294967295,0,0
obj_dot,120,128,5D85B1AF,0,1,1,4294967295,0,0
obj_dot,136,128,73930BCD,0,1,1,4294967295,0,0
obj_dot,152,128,86E89C37,0,1,1,4294967295,0,0
obj_dot,168,128,C130AC81,0,1,1,4294967295,0,0
obj_dot,184,128,44496422,0,1,1,4294967295,0,0
obj_dot,200,112,8E5768FF,0,1,1,4294967295,0,0
obj_dot,200,96,B18DE9C8,0,1,1,4294967295,0,0
obj_dot,200,80,F3FEC99A,0,1,1,4294967295,0,0
obj_dot,200,64,FFA33BED,0,1,1,4294967295,0,0
obj_dot,184,64,2966B835,0,1,1,4294967295,0,0
obj_dot,168,64,B2273346,0,1,1,4294967295,0,0
obj_dot,152,64,9B7182F2,0,1,1,4294967295,0,0
obj_dot,136,64,F3D26D64,0,1,1,4294967295,0,0
obj_dot,120,64,F3847E6E,0,1,1,4294967295,0,0
obj_dot,104,64,CF76B705,0,1,1,4294967295,0,0
obj_dot,88,64,CAD759F3,0,1,1,4294967295,0,0
obj_dot,72,64,B690D152,0,1,1,4294967295,0,0
obj_dot,56,64,06A34404,0,1,1,4294967295,0,0
obj_dot,40,64,D5F44DFE,0,1,1,4294967295,0,0
obj_dot,24,64,FB6F86F0,0,1,1,4294967295,0,0
obj_dot,24,80,508FCB26,0,1,1,4294967295,0,0
obj_dot,24,112,C6F5F9BE,0,1,1,4294967295,0,0
obj_dot,24,144,03B8B86B,0,1,1,4294967295,0,0
obj_dot,24,160,FCE94E81,0,1,1,4294967295,0,0
obj_dot,24,176,D2DD211E,0,1,1,4294967295,0,0
obj_dot,40,176,C5CDCDB4,0,1,1,4294967295,0,0
obj_dot,56,176,01616270,0,1,1,4294967295,0,0
obj_dot,72,176,879FDCBC,0,1,1,4294967295,0,0
obj_dot,88,176,D1835177,0,1,1,4294967295,0,0
obj_dot,104,160,60683079,0,1,1,4294967295,0,0
obj_dot,104,176,A14D9461,0,1,1,4294967295,0,0
obj_dot,104,144,698CF3B8,0,1,1,4294967295,0,0
obj_dot,104,112,9A311B3F,0,1,1,4294967295,0,0
obj_dot,104,96,EB6432A0,0,1,1,4294967295,0,0
obj_dot,104,80,032B76E6,0,1,1,4294967295,0,0
obj_dot,216,128,4D9E34CD,0,1,1,4294967295,0,0
obj_dot,232,128,34EBE9ED,0,1,1,4294967295,0,0
obj_sue,224,224,8BA0DF1B,0,1,1,4294967295,0,0
obj_tunnel,32,272,2C546FEE,0,12,4,4294967295,0,0
obj_tunnel,416,272,02D47F47,0,12,4,4294967295,0,0
obj_funky,224,128,72ECD720,0,1,1,4294967295,0,0
obj_flicky,104,64,940FA0C6,0,1,1,4294967295,0,0
obj_tricky,344,64,CEFC83A8,0,1,1,4294967295,0,0
