background0,216,248,88,80,8,8,0,1,1,4294967295
background0,0,0,32,24,8,8,0,1,1,4294967295
background0,8,0,64,16,8,8,0,1,1,4294967295
background0,16,0,64,16,8,8,0,1,1,4294967295
background0,24,0,64,16,8,8,0,1,1,4294967295
background0,32,0,64,16,8,8,0,1,1,4294967295
background0,40,0,64,16,8,8,0,1,1,4294967295
background0,48,0,64,16,8,8,0,1,1,4294967295
background0,56,0,64,16,8,8,0,1,1,4294967295
background0,64,0,64,16,8,8,0,1,1,4294967295
background0,72,0,64,16,8,8,0,1,1,4294967295
background0,80,0,64,16,8,8,0,1,1,4294967295
background0,88,0,64,16,8,8,0,1,1,4294967295
background0,96,0,64,16,8,8,0,1,1,4294967295
background0,128,0,64,16,8,8,0,1,1,4294967295
background0,136,0,64,16,8,8,0,1,1,4294967295
background0,144,0,64,16,8,8,0,1,1,4294967295
background0,152,0,64,16,8,8,0,1,1,4294967295
background0,160,0,64,16,8,8,0,1,1,4294967295
background0,168,0,64,16,8,8,0,1,1,4294967295
background0,176,0,64,16,8,8,0,1,1,4294967295
background0,184,0,64,16,8,8,0,1,1,4294967295
background0,192,0,64,16,8,8,0,1,1,4294967295
background0,200,0,64,16,8,8,0,1,1,4294967295
background0,208,0,64,16,8,8,0,1,1,4294967295
background0,216,0,56,24,8,8,0,1,1,4294967295
background0,120,0,64,16,8,8,0,1,1,4294967295
background0,104,0,40,24,8,8,0,1,1,4294967295
background0,112,0,48,24,8,8,0,1,1,4294967295
background0,112,8,48,8,8,8,0,1,1,4294967295
background0,104,8,32,8,8,8,0,1,1,4294967295
background0,112,16,48,8,8,8,0,1,1,4294967295
background0,104,16,32,8,8,8,0,1,1,4294967295
background0,104,24,32,8,8,8,0,1,1,4294967295
background0,104,32,32,16,8,8,0,1,1,4294967295
background0,112,32,48,16,8,8,0,1,1,4294967295
background0,112,24,48,8,8,8,0,1,1,4294967295
background0,0,8,72,8,8,8,0,1,1,4294967295
background0,0,16,72,8,8,8,0,1,1,4294967295
background0,0,24,72,8,8,8,0,1,1,4294967295
background0,0,32,72,8,8,8,0,1,1,4294967295
background0,0,40,72,8,8,8,0,1,1,4294967295
background0,16,16,32,0,8,8,0,1,1,4294967295
background0,24,16,40,0,8,8,0,1,1,4294967295
background0,32,16,40,0,8,8,0,1,1,4294967295
background0,40,16,48,0,8,8,0,1,1,4294967295
background0,40,24,48,8,8,8,0,1,1,4294967295
background0,16,24,32,8,8,8,0,1,1,4294967295
background0,16,32,32,16,8,8,0,1,1,4294967295
background0,24,32,40,16,8,8,0,1,1,4294967295
background0,32,32,40,16,8,8,0,1,1,4294967295
background0,40,32,48,16,8,8,0,1,1,4294967295
background0,88,32,48,16,8,8,0,1,1,4294967295
background0,88,16,48,0,8,8,0,1,1,4294967295
background0,80,16,40,0,8,8,0,1,1,4294967295
background0,72,16,40,0,8,8,0,1,1,4294967295
background0,64,16,40,0,8,8,0,1,1,4294967295
background0,56,16,32,0,8,8,0,1,1,4294967295
background0,56,24,32,8,8,8,0,1,1,4294967295
background0,88,24,48,8,8,8,0,1,1,4294967295
background0,56,32,32,16,8,8,0,1,1,4294967295
background0,64,32,40,16,8,8,0,1,1,4294967295
background0,72,32,40,16,8,8,0,1,1,4294967295
background0,80,32,40,16,8,8,0,1,1,4294967295
background0,24,48,40,0,8,8,0,1,1,4294967295
background0,32,48,40,0,8,8,0,1,1,4294967295
background0,40,48,48,0,8,8,0,1,1,4294967295
background0,16,48,32,0,8,8,0,1,1,4294967295
background0,16,56,32,16,8,8,0,1,1,4294967295
background0,24,56,40,16,8,8,0,1,1,4294967295
background0,32,56,40,16,8,8,0,1,1,4294967295
background0,40,56,48,16,8,8,0,1,1,4294967295
background0,216,16,56,8,8,8,0,1,1,4294967295
background0,216,8,56,8,8,8,0,1,1,4294967295
background0,216,24,56,8,8,8,0,1,1,4294967295
background0,216,32,56,8,8,8,0,1,1,4294967295
background0,216,40,56,8,8,8,0,1,1,4294967295
background0,128,32,32,16,8,8,0,1,1,4294967295
background0,128,24,32,8,8,8,0,1,1,4294967295
background0,128,16,32,0,8,8,0,1,1,4294967295
background0,136,16,40,0,8,8,0,1,1,4294967295
background0,144,16,40,0,8,8,0,1,1,4294967295
background0,152,16,40,0,8,8,0,1,1,4294967295
background0,136,32,40,16,8,8,0,1,1,4294967295
background0,144,32,40,16,8,8,0,1,1,4294967295
background0,152,32,40,16,8,8,0,1,1,4294967295
background0,160,32,48,16,8,8,0,1,1,4294967295
background0,160,16,48,0,8,8,0,1,1,4294967295
background0,160,24,48,8,8,8,0,1,1,4294967295
background0,200,32,48,16,8,8,0,1,1,4294967295
background0,192,32,40,16,8,8,0,1,1,4294967295
background0,184,32,40,16,8,8,0,1,1,4294967295
background0,176,32,32,16,8,8,0,1,1,4294967295
background0,176,24,32,8,8,8,0,1,1,4294967295
background0,176,16,32,0,8,8,0,1,1,4294967295
background0,184,16,40,0,8,8,0,1,1,4294967295
background0,192,16,40,0,8,8,0,1,1,4294967295
background0,200,16,48,0,8,8,0,1,1,4294967295
background0,200,24,48,8,8,8,0,1,1,4294967295
background0,200,56,48,16,8,8,0,1,1,4294967295
background0,192,56,40,16,8,8,0,1,1,4294967295
background0,184,56,40,16,8,8,0,1,1,4294967295
background0,176,56,32,16,8,8,0,1,1,4294967295
background0,176,48,32,0,8,8,0,1,1,4294967295
background0,184,48,40,0,8,8,0,1,1,4294967295
background0,192,48,40,0,8,8,0,1,1,4294967295
background0,200,48,48,0,8,8,0,1,1,4294967295
background0,0,48,72,8,8,8,0,1,1,4294967295
background0,0,56,72,8,8,8,0,1,1,4294967295
background0,0,64,72,8,8,8,0,1,1,4294967295
background0,0,72,32,48,8,8,0,1,1,4294967295
background0,40,72,48,0,8,8,0,1,1,4294967295
background0,8,72,64,0,8,8,0,1,1,4294967295
background0,16,72,64,0,8,8,0,1,1,4294967295
background0,24,72,64,0,8,8,0,1,1,4294967295
background0,32,72,64,0,8,8,0,1,1,4294967295
background0,40,80,72,8,8,8,0,1,1,4294967295
background0,40,88,72,8,8,8,0,1,1,4294967295
background0,40,96,72,8,8,8,0,1,1,4294967295
background0,40,104,48,16,8,8,0,1,1,4294967295
background0,32,104,64,16,8,8,0,1,1,4294967295
background0,24,104,64,16,8,8,0,1,1,4294967295
background0,16,104,64,16,8,8,0,1,1,4294967295
background0,8,104,64,16,8,8,0,1,1,4294967295
background0,0,104,64,16,8,8,0,1,1,4294967295
background0,0,120,64,0,8,8,0,1,1,4294967295
background0,8,120,64,0,8,8,0,1,1,4294967295
background0,16,120,64,0,8,8,0,1,1,4294967295
background0,24,120,64,0,8,8,0,1,1,4294967295
background0,32,120,64,0,8,8,0,1,1,4294967295
background0,40,120,48,0,8,8,0,1,1,4294967295
background0,216,48,56,8,8,8,0,1,1,4294967295
background0,216,56,56,8,8,8,0,1,1,4294967295
background0,216,64,56,8,8,8,0,1,1,4294967295
background0,216,72,56,48,8,8,0,1,1,4294967295
background0,208,72,64,0,8,8,0,1,1,4294967295
background0,200,72,64,0,8,8,0,1,1,4294967295
background0,192,72,64,0,8,8,0,1,1,4294967295
background0,184,72,64,0,8,8,0,1,1,4294967295
background0,176,72,32,0,8,8,0,1,1,4294967295
background0,176,80,56,8,8,8,0,1,1,4294967295
background0,176,88,56,8,8,8,0,1,1,4294967295
background0,176,96,56,8,8,8,0,1,1,4294967295
background0,176,104,32,16,8,8,0,1,1,4294967295
background0,184,104,64,16,8,8,0,1,1,4294967295
background0,192,104,64,16,8,8,0,1,1,4294967295
background0,208,104,64,16,8,8,0,1,1,4294967295
background0,200,104,64,16,8,8,0,1,1,4294967295
background0,216,104,64,16,8,8,0,1,1,4294967295
background0,184,120,64,0,8,8,0,1,1,4294967295
background0,192,120,64,0,8,8,0,1,1,4294967295
background0,200,120,64,0,8,8,0,1,1,4294967295
background0,208,120,64,0,8,8,0,1,1,4294967295
background0,216,120,64,0,8,8,0,1,1,4294967295
background0,176,120,32,0,8,8,0,1,1,4294967295
background0,88,48,40,0,8,8,0,1,1,4294967295
background0,96,48,40,0,8,8,0,1,1,4294967295
background0,112,48,40,0,8,8,0,1,1,4294967295
background0,104,48,40,0,8,8,0,1,1,4294967295
background0,120,48,40,0,8,8,0,1,1,4294967295
background0,128,48,40,0,8,8,0,1,1,4294967295
background0,160,48,48,0,8,8,0,1,1,4294967295
background0,152,48,32,0,8,8,0,1,1,4294967295
background0,56,48,32,0,8,8,0,1,1,4294967295
background0,64,48,48,0,8,8,0,1,1,4294967295
background0,136,48,48,0,8,8,0,1,1,4294967295
background0,80,48,32,0,8,8,0,1,1,4294967295
background0,80,56,32,16,8,8,0,1,1,4294967295
background0,136,56,48,16,8,8,0,1,1,4294967295
background0,120,56,40,16,8,8,0,1,1,4294967295
background0,128,56,40,16,8,8,0,1,1,4294967295
background0,96,56,40,16,8,8,0,1,1,4294967295
background0,88,56,40,16,8,8,0,1,1,4294967295
background0,112,56,48,40,8,8,0,1,1,4294967295
background0,104,56,40,40,8,8,0,1,1,4294967295
background0,104,64,32,8,8,8,0,1,1,4294967295
background0,104,72,32,8,8,8,0,1,1,4294967295
background0,112,64,48,8,8,8,0,1,1,4294967295
background0,112,72,48,8,8,8,0,1,1,4294967295
background0,112,80,48,16,8,8,0,1,1,4294967295
background0,104,80,32,16,8,8,0,1,1,4294967295
background0,88,72,48,0,8,8,0,1,1,4294967295
background0,88,80,48,16,8,8,0,1,1,4294967295
background0,128,72,32,0,8,8,0,1,1,4294967295
background0,128,80,32,16,8,8,0,1,1,4294967295
background0,64,72,48,32,8,8,0,1,1,4294967295
background0,72,72,40,0,8,8,0,1,1,4294967295
background0,80,72,40,0,8,8,0,1,1,4294967295
background0,64,64,48,8,8,8,0,1,1,4294967295
background0,64,56,48,8,8,8,0,1,1,4294967295
background0,56,56,32,8,8,8,0,1,1,4294967295
background0,56,64,32,8,8,8,0,1,1,4294967295
background0,56,72,32,8,8,8,0,1,1,4294967295
background0,56,80,32,8,8,8,0,1,1,4294967295
background0,56,88,32,8,8,8,0,1,1,4294967295
background0,56,96,32,8,8,8,0,1,1,4294967295
background0,56,104,32,16,8,8,0,1,1,4294967295
background0,64,104,48,16,8,8,0,1,1,4294967295
background0,64,96,48,8,8,8,0,1,1,4294967295
background0,64,88,48,8,8,8,0,1,1,4294967295
background0,64,80,48,40,8,8,0,1,1,4294967295
background0,72,80,40,16,8,8,0,1,1,4294967295
background0,80,80,40,16,8,8,0,1,1,4294967295
background0,136,80,40,16,8,8,0,1,1,4294967295
background0,144,80,40,16,8,8,0,1,1,4294967295
background0,136,72,40,0,8,8,0,1,1,4294967295
background0,144,72,40,0,8,8,0,1,1,4294967295
background0,152,72,40,32,8,8,0,1,1,4294967295
background0,152,64,32,8,8,8,0,1,1,4294967295
background0,152,56,32,8,8,8,0,1,1,4294967295
background0,160,56,48,8,8,8,0,1,1,4294967295
background0,160,64,48,8,8,8,0,1,1,4294967295
background0,160,72,48,8,8,8,0,1,1,4294967295
background0,160,80,48,8,8,8,0,1,1,4294967295
background0,160,88,48,8,8,8,0,1,1,4294967295
background0,160,96,48,8,8,8,0,1,1,4294967295
background0,160,104,48,16,8,8,0,1,1,4294967295
background0,152,104,32,16,8,8,0,1,1,4294967295
background0,152,80,40,40,8,8,0,1,1,4294967295
background0,152,88,32,8,8,8,0,1,1,4294967295
background0,152,96,32,8,8,8,0,1,1,4294967295
background0,80,96,56,0,8,8,0,1,1,4294967295
background0,88,96,64,0,8,8,0,1,1,4294967295
background0,128,96,64,0,8,8,0,1,1,4294967295
background0,120,96,80,0,8,8,0,1,1,4294967295
background0,96,96,88,0,8,8,0,1,1,4294967295
background0,136,96,72,0,8,8,0,1,1,4294967295
background0,80,128,56,16,8,8,0,1,1,4294967295
background0,80,104,56,8,8,8,0,1,1,4294967295
background0,80,112,56,8,8,8,0,1,1,4294967295
background0,80,120,56,8,8,8,0,1,1,4294967295
background0,136,104,72,8,8,8,0,1,1,4294967295
background0,136,112,72,8,8,8,0,1,1,4294967295
background0,136,120,72,8,8,8,0,1,1,4294967295
background0,136,128,72,16,8,8,0,1,1,4294967295
background0,88,128,64,16,8,8,0,1,1,4294967295
background0,96,128,64,16,8,8,0,1,1,4294967295
background0,104,128,64,16,8,8,0,1,1,4294967295
background0,112,128,64,16,8,8,0,1,1,4294967295
background0,120,128,64,16,8,8,0,1,1,4294967295
background0,128,128,64,16,8,8,0,1,1,4294967295
background0,176,128,56,8,8,8,0,1,1,4294967295
background0,176,136,56,8,8,8,0,1,1,4294967295
background0,176,144,56,8,8,8,0,1,1,4294967295
background0,40,128,72,8,8,8,0,1,1,4294967295
background0,40,136,72,8,8,8,0,1,1,4294967295
background0,40,144,72,8,8,8,0,1,1,4294967295
background0,176,152,32,16,8,8,0,1,1,4294967295
background0,184,152,64,16,8,8,0,1,1,4294967295
background0,192,152,64,16,8,8,0,1,1,4294967295
background0,200,152,64,16,8,8,0,1,1,4294967295
background0,208,152,64,16,8,8,0,1,1,4294967295
background0,216,152,56,24,8,8,0,1,1,4294967295
background0,216,160,56,8,8,8,0,1,1,4294967295
background0,216,168,56,8,8,8,0,1,1,4294967295
background0,216,184,56,8,8,8,0,1,1,4294967295
background0,216,176,56,8,8,8,0,1,1,4294967295
background0,216,192,56,32,8,8,0,1,1,4294967295
background0,216,200,56,40,8,8,0,1,1,4294967295
background0,208,192,40,0,8,8,0,1,1,4294967295
background0,208,200,40,16,8,8,0,1,1,4294967295
background0,200,200,32,16,8,8,0,1,1,4294967295
background0,200,192,32,0,8,8,0,1,1,4294967295
background0,200,176,48,16,8,8,0,1,1,4294967295
background0,200,168,48,0,8,8,0,1,1,4294967295
background0,192,168,40,0,8,8,0,1,1,4294967295
background0,184,168,40,0,8,8,0,1,1,4294967295
background0,176,168,32,0,8,8,0,1,1,4294967295
background0,176,176,32,8,8,8,0,1,1,4294967295
background0,176,184,32,8,8,8,0,1,1,4294967295
background0,176,192,32,8,8,8,0,1,1,4294967295
background0,184,176,48,40,8,8,0,1,1,4294967295
background0,192,176,40,16,8,8,0,1,1,4294967295
background0,184,184,48,8,8,8,0,1,1,4294967295
background0,184,192,48,8,8,8,0,1,1,4294967295
background0,184,200,48,16,8,8,0,1,1,4294967295
background0,176,200,32,16,8,8,0,1,1,4294967295
background0,216,208,56,8,8,8,0,1,1,4294967295
background0,216,216,56,8,8,8,0,1,1,4294967295
background0,216,224,56,8,8,8,0,1,1,4294967295
background0,216,232,56,8,8,8,0,1,1,4294967295
background0,216,240,56,48,8,8,0,1,1,4294967295
background0,208,240,64,0,8,8,0,1,1,4294967295
background0,192,240,64,0,8,8,0,1,1,4294967295
background0,200,240,64,0,8,8,0,1,1,4294967295
background0,184,240,64,0,8,8,0,1,1,4294967295
background0,176,240,64,0,8,8,0,1,1,4294967295
background0,168,240,64,0,8,8,0,1,1,4294967295
background0,160,240,64,0,8,8,0,1,1,4294967295
background0,152,240,64,0,8,8,0,1,1,4294967295
background0,136,240,64,0,8,8,0,1,1,4294967295
background0,144,240,64,0,8,8,0,1,1,4294967295
background0,8,240,64,0,8,8,0,1,1,4294967295
background0,16,240,64,0,8,8,0,1,1,4294967295
background0,24,240,64,0,8,8,0,1,1,4294967295
background0,32,240,64,0,8,8,0,1,1,4294967295
background0,40,240,64,0,8,8,0,1,1,4294967295
background0,48,240,64,0,8,8,0,1,1,4294967295
background0,56,240,64,0,8,8,0,1,1,4294967295
background0,64,240,64,0,8,8,0,1,1,4294967295
background0,72,240,64,0,8,8,0,1,1,4294967295
background0,80,240,64,0,8,8,0,1,1,4294967295
background0,88,240,64,0,8,8,0,1,1,4294967295
background0,96,240,64,0,8,8,0,1,1,4294967295
background0,104,240,64,0,8,8,0,1,1,4294967295
background0,112,240,64,0,8,8,0,1,1,4294967295
background0,120,240,64,0,8,8,0,1,1,4294967295
background0,128,240,64,0,8,8,0,1,1,4294967295
background0,0,240,32,48,8,8,0,1,1,4294967295
background0,0,232,72,8,8,8,0,1,1,4294967295
background0,0,224,72,8,8,8,0,1,1,4294967295
background0,0,208,72,8,8,8,0,1,1,4294967295
background0,0,216,72,8,8,8,0,1,1,4294967295
background0,0,184,72,8,8,8,0,1,1,4294967295
background0,0,176,72,8,8,8,0,1,1,4294967295
background0,0,168,72,8,8,8,0,1,1,4294967295
background0,0,160,72,8,8,8,0,1,1,4294967295
background0,0,152,32,24,8,8,0,1,1,4294967295
background0,40,152,48,16,8,8,0,1,1,4294967295
background0,8,152,64,16,8,8,0,1,1,4294967295
background0,16,152,64,16,8,8,0,1,1,4294967295
background0,24,152,64,16,8,8,0,1,1,4294967295
background0,32,152,64,16,8,8,0,1,1,4294967295
background0,80,144,32,0,8,8,0,1,1,4294967295
background0,80,152,32,16,8,8,0,1,1,4294967295
background0,88,144,40,0,8,8,0,1,1,4294967295
background0,104,144,40,0,8,8,0,1,1,4294967295
background0,96,144,40,0,8,8,0,1,1,4294967295
background0,112,144,40,0,8,8,0,1,1,4294967295
background0,120,144,40,0,8,8,0,1,1,4294967295
background0,128,144,40,0,8,8,0,1,1,4294967295
background0,136,144,48,0,8,8,0,1,1,4294967295
background0,136,152,48,16,8,8,0,1,1,4294967295
background0,88,152,40,16,8,8,0,1,1,4294967295
background0,96,152,40,16,8,8,0,1,1,4294967295
background0,128,152,40,16,8,8,0,1,1,4294967295
background0,120,152,40,16,8,8,0,1,1,4294967295
background0,104,152,40,40,8,8,0,1,1,4294967295
background0,112,152,48,40,8,8,0,1,1,4294967295
background0,112,160,48,8,8,8,0,1,1,4294967295
background0,112,168,48,8,8,8,0,1,1,4294967295
background0,104,160,32,8,8,8,0,1,1,4294967295
background0,104,168,32,8,8,8,0,1,1,4294967295
background0,104,176,32,16,8,8,0,1,1,4294967295
background0,112,176,48,16,8,8,0,1,1,4294967295
background0,64,152,48,16,8,8,0,1,1,4294967295
background0,56,152,32,16,8,8,0,1,1,4294967295
background0,64,144,48,8,8,8,0,1,1,4294967295
background0,64,136,48,8,8,8,0,1,1,4294967295
background0,64,128,48,8,8,8,0,1,1,4294967295
background0,56,144,32,8,8,8,0,1,1,4294967295
background0,56,136,32,8,8,8,0,1,1,4294967295
background0,56,128,32,8,8,8,0,1,1,4294967295
background0,56,120,32,0,8,8,0,1,1,4294967295
background0,64,120,48,0,8,8,0,1,1,4294967295
background0,160,120,48,0,8,8,0,1,1,4294967295
background0,152,120,32,0,8,8,0,1,1,4294967295
background0,160,128,48,8,8,8,0,1,1,4294967295
background0,160,136,48,8,8,8,0,1,1,4294967295
background0,160,144,48,8,8,8,0,1,1,4294967295
background0,152,128,32,8,8,8,0,1,1,4294967295
background0,152,136,32,8,8,8,0,1,1,4294967295
background0,152,144,32,8,8,8,0,1,1,4294967295
background0,152,152,32,16,8,8,0,1,1,4294967295
background0,160,152,48,16,8,8,0,1,1,4294967295
background0,128,168,32,0,8,8,0,1,1,4294967295
background0,128,176,32,16,8,8,0,1,1,4294967295
background0,56,176,32,16,8,8,0,1,1,4294967295
background0,56,168,32,0,8,8,0,1,1,4294967295
background0,88,168,48,0,8,8,0,1,1,4294967295
background0,160,168,48,0,8,8,0,1,1,4294967295
background0,160,176,48,16,8,8,0,1,1,4294967295
background0,88,176,48,16,8,8,0,1,1,4294967295
background0,64,168,40,0,8,8,0,1,1,4294967295
background0,72,168,40,0,8,8,0,1,1,4294967295
background0,80,168,40,0,8,8,0,1,1,4294967295
background0,136,168,40,0,8,8,0,1,1,4294967295
background0,144,168,40,0,8,8,0,1,1,4294967295
background0,152,168,40,0,8,8,0,1,1,4294967295
background0,64,176,40,16,8,8,0,1,1,4294967295
background0,72,176,40,16,8,8,0,1,1,4294967295
background0,80,176,40,16,8,8,0,1,1,4294967295
background0,152,176,40,16,8,8,0,1,1,4294967295
background0,144,176,40,16,8,8,0,1,1,4294967295
background0,136,176,40,16,8,8,0,1,1,4294967295
background0,40,168,48,0,8,8,0,1,1,4294967295
background0,32,168,40,0,8,8,0,1,1,4294967295
background0,24,168,40,0,8,8,0,1,1,4294967295
background0,16,168,32,0,8,8,0,1,1,4294967295
background0,40,176,48,8,8,8,0,1,1,4294967295
background0,40,184,48,8,8,8,0,1,1,4294967295
background0,40,192,48,8,8,8,0,1,1,4294967295
background0,40,200,48,16,8,8,0,1,1,4294967295
background0,32,192,32,8,8,8,0,1,1,4294967295
background0,32,184,32,8,8,8,0,1,1,4294967295
background0,32,176,40,40,8,8,0,1,1,4294967295
background0,16,176,32,16,8,8,0,1,1,4294967295
background0,24,176,40,16,8,8,0,1,1,4294967295
background0,80,192,32,0,8,8,0,1,1,4294967295
background0,88,192,40,0,8,8,0,1,1,4294967295
background0,96,192,40,0,8,8,0,1,1,4294967295
background0,104,192,40,0,8,8,0,1,1,4294967295
background0,120,192,40,0,8,8,0,1,1,4294967295
background0,112,192,40,0,8,8,0,1,1,4294967295
background0,128,192,40,0,8,8,0,1,1,4294967295
background0,136,192,48,0,8,8,0,1,1,4294967295
background0,80,200,32,16,8,8,0,1,1,4294967295
background0,88,200,40,16,8,8,0,1,1,4294967295
background0,96,200,40,16,8,8,0,1,1,4294967295
background0,120,200,40,16,8,8,0,1,1,4294967295
background0,128,200,40,16,8,8,0,1,1,4294967295
background0,104,200,40,40,8,8,0,1,1,4294967295
background0,112,200,48,40,8,8,0,1,1,4294967295
background0,112,208,48,8,8,8,0,1,1,4294967295
background0,112,216,48,8,8,8,0,1,1,4294967295
background0,104,208,32,8,8,8,0,1,1,4294967295
background0,104,216,32,8,8,8,0,1,1,4294967295
background0,104,224,32,16,8,8,0,1,1,4294967295
background0,112,224,48,16,8,8,0,1,1,4294967295
background0,160,192,48,0,8,8,0,1,1,4294967295
background0,152,192,32,0,8,8,0,1,1,4294967295
background0,160,200,48,8,8,8,0,1,1,4294967295
background0,160,208,48,8,8,8,0,1,1,4294967295
background0,160,216,48,32,8,8,0,1,1,4294967295
background0,168,216,40,0,8,8,0,1,1,4294967295
background0,176,216,40,0,8,8,0,1,1,4294967295
background0,184,216,40,0,8,8,0,1,1,4294967295
background0,192,216,40,0,8,8,0,1,1,4294967295
background0,200,216,48,0,8,8,0,1,1,4294967295
background0,200,224,48,16,8,8,0,1,1,4294967295
background0,192,224,40,16,8,8,0,1,1,4294967295
background0,184,224,40,16,8,8,0,1,1,4294967295
background0,176,224,40,16,8,8,0,1,1,4294967295
background0,168,224,40,16,8,8,0,1,1,4294967295
background0,160,224,40,16,8,8,0,1,1,4294967295
background0,152,224,40,16,8,8,0,1,1,4294967295
background0,144,224,40,16,8,8,0,1,1,4294967295
background0,136,224,40,16,8,8,0,1,1,4294967295
background0,128,224,32,16,8,8,0,1,1,4294967295
background0,128,216,32,0,8,8,0,1,1,4294967295
background0,136,216,40,0,8,8,0,1,1,4294967295
background0,144,216,40,0,8,8,0,1,1,4294967295
background0,152,216,40,32,8,8,0,1,1,4294967295
background0,152,208,32,8,8,8,0,1,1,4294967295
background0,152,200,32,8,8,8,0,1,1,4294967295
background0,136,200,48,16,8,8,0,1,1,4294967295
background0,56,192,32,0,8,8,0,1,1,4294967295
background0,64,192,48,0,8,8,0,1,1,4294967295
background0,64,200,48,8,8,8,0,1,1,4294967295
background0,64,208,48,8,8,8,0,1,1,4294967295
background0,56,200,32,8,8,8,0,1,1,4294967295
background0,56,208,32,8,8,8,0,1,1,4294967295
background0,56,216,40,32,8,8,0,1,1,4294967295
background0,64,216,48,32,8,8,0,1,1,4294967295
background0,72,216,40,0,8,8,0,1,1,4294967295
background0,80,216,40,0,8,8,0,1,1,4294967295
background0,88,216,48,0,8,8,0,1,1,4294967295
background0,88,224,48,16,8,8,0,1,1,4294967295
background0,80,224,40,16,8,8,0,1,1,4294967295
background0,72,224,40,16,8,8,0,1,1,4294967295
background0,64,224,40,16,8,8,0,1,1,4294967295
background0,56,224,40,16,8,8,0,1,1,4294967295
background0,24,224,40,16,8,8,0,1,1,4294967295
background0,40,224,40,16,8,8,0,1,1,4294967295
background0,32,224,40,16,8,8,0,1,1,4294967295
background0,48,224,40,16,8,8,0,1,1,4294967295
background0,16,224,32,16,8,8,0,1,1,4294967295
background0,16,216,32,0,8,8,0,1,1,4294967295
background0,24,216,40,0,8,8,0,1,1,4294967295
background0,32,216,40,0,8,8,0,1,1,4294967295
background0,40,216,40,0,8,8,0,1,1,4294967295
background0,48,216,40,0,8,8,0,1,1,4294967295
background0,0,192,32,32,8,16,0,1,1,4294967295
background0,8,192,40,0,8,8,0,1,1,4294967295
background0,8,200,40,16,8,8,0,1,1,4294967295
background0,16,200,48,16,8,8,0,1,1,4294967295
background0,16,192,48,0,8,8,0,1,1,4294967295
background0,32,200,32,16,8,8,0,1,1,4294967295
