obj_globalmanager,4,4,00171DAD,0,1,1,4294967295,0,0
obj_wall,0,0,0027B56E,0,56,1,4294967295,0,0
obj_wall,108,4,002A97D9,0,2,8,4294967295,0,0
obj_wall,0,4,002F8556,0,1,18,4294967295,0,0
obj_wall,220,4,001F9C03,0,1,18,4294967295,0,0
obj_wall,132,20,0021E2DD,0,8,4,4294967295,0,0
obj_wall,180,20,000A45B5,0,6,4,4294967295,0,0
obj_wall,180,52,0036AF8F,0,6,2,4294967295,0,0
obj_wall,20,20,00211CFD,0,6,4,4294967295,0,0
obj_wall,60,20,001BB33A,0,8,4,4294967295,0,0
obj_wall,20,52,00185BA0,0,6,2,4294967295,0,0
obj_wall,60,52,00339DC8,0,2,14,4294967295,0,0
obj_wall,84,52,00323A69,0,14,2,4294967295,0,0
obj_wall,108,60,000267DA,0,2,6,4294967295,0,0
obj_wall,68,76,003D4240,0,6,2,4294967295,0,0
obj_wall,132,76,00316F5A,0,6,2,4294967295,0,0
obj_wall,120,100,0036D562,0,5,1,4294967295,0,0
obj_wall,84,100,002BA1B8,0,5,1,4294967295,0,0
obj_wall,84,104,002A1868,0,1,7,4294967295,0,0
obj_wall,88,128,0036E80C,0,12,1,4294967295,0,0
obj_wall,136,104,001169C6,0,1,7,4294967295,0,0
obj_wall,156,124,001AA7B2,0,2,8,4294967295,0,0
obj_wall,84,148,00018F0F,0,14,2,4294967295,0,0
obj_wall,108,156,002BA946,0,2,6,4294967295,0,0
obj_wall,132,172,00174EB0,0,8,2,4294967295,0,0
obj_wall,60,124,000D166B,0,2,8,4294967295,0,0
obj_wall,0,156,00275100,0,1,22,4294967295,0,0
obj_wall,0,244,003E468E,0,56,1,4294967295,0,0
obj_wall,220,156,0010A000,0,1,22,4294967295,0,0
obj_wall,20,172,001D28F6,0,6,2,4294967295,0,0
obj_wall,36,180,000E5E23,0,2,6,4294967295,0,0
obj_wall,20,220,0001FF64,0,18,2,4294967295,0,0
obj_wall,60,196,004022DA,0,2,6,4294967295,0,0
obj_wall,84,196,00167FCB,0,14,2,4294967295,0,0
obj_wall,108,204,0018EA65,0,2,6,4294967295,0,0
obj_wall,60,172,00269032,0,8,2,4294967295,0,0
obj_wall,180,172,00264CC8,0,2,8,4294967295,0,0
obj_wall,188,172,0010EC70,0,4,2,4294967295,0,0
obj_wall,132,220,0031E113,0,18,2,4294967295,0,0
obj_wall,156,196,0036D58C,0,2,6,4294967295,0,0
obj_wall,156,52,000A5B0E,0,2,14,4294967295,0,0
obj_pacman,104,180,00398307,0,1,1,4294967295,0,0
obj_wall,204,196,530191C4,0,4,2,4294967295,0,0
obj_wall,4,196,4AF9A053,0,4,2,4294967295,0,0
obj_wall,180,76,C3BEED00,0,17,8,4294967295,0,0
obj_wall,180,124,0D57BA80,0,17,8,4294967295,0,0
obj_wall,-24,76,9C6AF01B,0,17,8,4294967295,0,0
obj_wall,-24,124,D082A9C6,0,17,8,4294967295,0,0
